@mk_movie1.pml
cmd.mplay()
cmd.mstop()
@mk_movie1.pml
_ set_view (\
_     0.948694050,   -0.028416302,   -0.314912558,\
_    -0.006315350,    0.994049847,   -0.108724557,\
_     0.316128701,    0.105135284,    0.942874014,\
_     0.000000000,    0.000000000, -120.346641541,\
_   121.079902649,   97.372764587,   37.063362122,\
_    94.882209778,  145.811080933,   20.000000000 )
_ set_view (\
_     0.948693991,   -0.028416302,   -0.314912736,\
_    -0.006315369,    0.994049847,   -0.108724557,\
_     0.316128880,    0.105135284,    0.942873955,\
_     0.000000000,    0.000000000, -120.346641541,\
_   121.079902649,   97.372764587,   37.063362122,\
_    94.882209778,  145.811080933,   20.000000000 )
mplay
mstop
@mk_movie2.pml
_ set_view (\
_     0.948694050,   -0.028416302,   -0.314912558,\
_    -0.006315350,    0.994049847,   -0.108724557,\
_     0.316128701,    0.105135284,    0.942874014,\
_     0.000000000,    0.000000000, -148.831008911,\
_    -1.112621307,   14.384675980,   23.946926117,\
_   117.339500427,  180.322525024,   20.000000000 )
_ set_view (\
_    -0.948694050,   -0.028416302,    0.314912647,\
_     0.006315359,    0.994049847,    0.108724557,\
_    -0.316128790,    0.105135284,   -0.942874014,\
_     0.000000000,    0.000000000, -148.831008911,\
_    -1.112621307,   14.384675980,   23.946926117,\
_   117.339500427,  180.322525024,   20.000000000 )
_ set_view (\
_     0.948694050,   -0.028416302,   -0.314912736,\
_    -0.006315369,    0.994049847,   -0.108724557,\
_     0.316128880,    0.105135284,    0.942874014,\
_     0.000000000,    0.000000000, -148.831008911,\
_    -1.112621307,   14.384675980,   23.946926117,\
_   117.339500427,  180.322525024,   20.000000000 )
mview reinterpolate
mplay
mstop
@mk_movie1.pml
_ set_view (\
_     0.948694050,   -0.028416302,   -0.314912558,\
_    -0.006315350,    0.994049847,   -0.108724557,\
_     0.316128701,    0.105135284,    0.942874014,\
_     0.000000000,    0.000000000, -120.346641541,\
_   121.079902649,   97.372764587,   37.063362122,\
_    94.882209778,  145.811080933,   20.000000000 )
_ set_view (\
_    -0.948694050,   -0.028416302,    0.314912647,\
_     0.006315359,    0.994049847,    0.108724557,\
_    -0.316128790,    0.105135284,   -0.942874014,\
_     0.000000000,    0.000000000, -120.346641541,\
_   121.079902649,   97.372764587,   37.063362122,\
_    94.882209778,  145.811080933,   20.000000000 )
mplay
cmd.mstop()
@mk_movie1.pml
_ set_view (\
_     0.948694050,   -0.028416302,   -0.314912558,\
_    -0.006315350,    0.994049847,   -0.108724557,\
_     0.316128701,    0.105135284,    0.942874014,\
_     0.000000000,    0.000000000, -120.346641541,\
_   121.079902649,   97.372764587,   37.063362122,\
_    94.882209778,  145.811080933,   20.000000000 )
mplay
mstop
mplay
mstop
@mk_movie1.pml
_ set_view (\
_     0.948694050,   -0.028416302,   -0.314912558,\
_    -0.006315350,    0.994049847,   -0.108724557,\
_     0.316128701,    0.105135284,    0.942874014,\
_     0.000000000,    0.000000000, -120.346641541,\
_   121.079902649,   97.372764587,   37.063362122,\
_    94.882209778,  145.811080933,   20.000000000 )
mplay
@mk_movie1.pml
_ set_view (\
_     0.948694050,   -0.028416302,   -0.314912558,\
_    -0.006315350,    0.994049847,   -0.108724557,\
_     0.316128701,    0.105135284,    0.942874014,\
_     0.000000000,    0.000000000, -120.346641541,\
_   121.079902649,   97.372764587,   37.063362122,\
_    94.882209778,  145.811080933,   20.000000000 )
mstop
cmd.scene('''002''')
cmd.scene('''003''')
@mk_movie1.pml
_ set_view (\
_     0.948694050,   -0.028416302,   -0.314912558,\
_    -0.006315350,    0.994049847,   -0.108724557,\
_     0.316128701,    0.105135284,    0.942874014,\
_     0.000000000,    0.000000000, -120.346641541,\
_   121.079902649,   97.372764587,   37.063362122,\
_    94.882209778,  145.811080933,   20.000000000 )
_ set_view (\
_    -0.948694050,   -0.028416302,    0.314912647,\
_     0.006315359,    0.994049847,    0.108724557,\
_    -0.316128790,    0.105135284,   -0.942874014,\
_     0.000000000,    0.000000000, -120.346641541,\
_   121.079902649,   97.372764587,   37.063362122,\
_    94.882209778,  145.811080933,   20.000000000 )
_ set_view (\
_     0.948694050,   -0.028416302,   -0.314912736,\
_    -0.006315369,    0.994049847,   -0.108724557,\
_     0.316128880,    0.105135284,    0.942874014,\
_     0.000000000,    0.000000000, -120.346641541,\
_   121.079902649,   97.372764587,   37.063362122,\
_    94.882209778,  145.811080933,   20.000000000 )
mplay
mstop
@mk_movie1.pml
_ set_view (\
_     0.948694050,   -0.028416302,   -0.314912558,\
_    -0.006315350,    0.994049847,   -0.108724557,\
_     0.316128701,    0.105135284,    0.942874014,\
_     0.000000000,    0.000000000, -120.346641541,\
_   121.079902649,   97.372764587,   37.063362122,\
_    94.882209778,  145.811080933,   20.000000000 )
_ set_view (\
_    -0.948694050,   -0.028416302,    0.314912647,\
_     0.006315359,    0.994049847,    0.108724557,\
_    -0.316128790,    0.105135284,   -0.942874014,\
_     0.000000000,    0.000000000, -120.346641541,\
_   121.079902649,   97.372764587,   37.063362122,\
_    94.882209778,  145.811080933,   20.000000000 )
_ set_view (\
_     0.948694050,   -0.028416302,   -0.314912736,\
_    -0.006315369,    0.994049847,   -0.108724557,\
_     0.316128880,    0.105135284,    0.942874014,\
_     0.000000000,    0.000000000, -120.346641541,\
_   121.079902649,   97.372764587,   37.063362122,\
_    94.882209778,  145.811080933,   20.000000000 )
_ set_view (\
_     0.948694050,   -0.028416302,   -0.314912558,\
_    -0.006315350,    0.994049847,   -0.108724557,\
_     0.316128701,    0.105135284,    0.942874014,\
_     0.000000000,    0.000000000, -324.636688232,\
_   137.548156738,  110.860862732,   53.738750458,\
_   243.257308960,  406.016143799,   20.000000000 )
mplay
mstop
@mk_movie1.pml
_ set_view (\
_     0.948694050,   -0.028416302,   -0.314912558,\
_    -0.006315350,    0.994049847,   -0.108724557,\
_     0.316128701,    0.105135284,    0.942874014,\
_     0.000000000,    0.000000000, -120.346641541,\
_   121.079902649,   97.372764587,   37.063362122,\
_    94.882209778,  145.811080933,   20.000000000 )
_ set_view (\
_    -0.948694050,   -0.028416302,    0.314912647,\
_     0.006315359,    0.994049847,    0.108724557,\
_    -0.316128790,    0.105135284,   -0.942874014,\
_     0.000000000,    0.000000000, -120.346641541,\
_   121.079902649,   97.372764587,   37.063362122,\
_    94.882209778,  145.811080933,   20.000000000 )
_ set_view (\
_     0.948694050,   -0.028416302,   -0.314912736,\
_    -0.006315369,    0.994049847,   -0.108724557,\
_     0.316128880,    0.105135284,    0.942874014,\
_     0.000000000,    0.000000000, -120.346641541,\
_   121.079902649,   97.372764587,   37.063362122,\
_    94.882209778,  145.811080933,   20.000000000 )
_ set_view (\
_     0.948694050,   -0.028416302,   -0.314912558,\
_    -0.006315350,    0.994049847,   -0.108724557,\
_     0.316128701,    0.105135284,    0.942874014,\
_     0.000000000,    0.000000000, -324.636688232,\
_   137.548156738,  110.860862732,   53.738750458,\
_   243.257308960,  406.016143799,   20.000000000 )
mplay
@mk_movie1.pml
_ set_view (\
_     0.948694050,   -0.028416302,   -0.314912558,\
_    -0.006315350,    0.994049847,   -0.108724557,\
_     0.316128701,    0.105135284,    0.942874014,\
_     0.000000000,    0.000000000, -120.346641541,\
_   121.079902649,   97.372764587,   37.063362122,\
_    94.882209778,  145.811080933,   20.000000000 )
_ set_view (\
_    -0.948694050,   -0.028416302,    0.314912647,\
_     0.006315359,    0.994049847,    0.108724557,\
_    -0.316128790,    0.105135284,   -0.942874014,\
_     0.000000000,    0.000000000, -120.346641541,\
_   121.079902649,   97.372764587,   37.063362122,\
_    94.882209778,  145.811080933,   20.000000000 )
_ set_view (\
_     0.948694050,   -0.028416302,   -0.314912736,\
_    -0.006315369,    0.994049847,   -0.108724557,\
_     0.316128880,    0.105135284,    0.942874014,\
_     0.000000000,    0.000000000, -120.346641541,\
_   121.079902649,   97.372764587,   37.063362122,\
_    94.882209778,  145.811080933,   20.000000000 )
_ set_view (\
_     0.948694050,   -0.028416302,   -0.314912558,\
_    -0.006315350,    0.994049847,   -0.108724557,\
_     0.316128701,    0.105135284,    0.942874014,\
_     0.000000000,    0.000000000, -324.636688232,\
_   137.548156738,  110.860862732,   53.738750458,\
_   243.257308960,  406.016143799,   20.000000000 )
mstop
mstop
@mk_movie1.pml
_ set_view (\
_     0.948694050,   -0.028416302,   -0.314912558,\
_    -0.006315350,    0.994049847,   -0.108724557,\
_     0.316128701,    0.105135284,    0.942874014,\
_     0.000000000,    0.000000000, -120.346641541,\
_   121.079902649,   97.372764587,   37.063362122,\
_    94.882209778,  145.811080933,   20.000000000 )
_ set_view (\
_    -0.948694050,   -0.028416302,    0.314912647,\
_     0.006315359,    0.994049847,    0.108724557,\
_    -0.316128790,    0.105135284,   -0.942874014,\
_     0.000000000,    0.000000000, -120.346641541,\
_   121.079902649,   97.372764587,   37.063362122,\
_    94.882209778,  145.811080933,   20.000000000 )
_ set_view (\
_     0.948694050,   -0.028416302,   -0.314912736,\
_    -0.006315369,    0.994049847,   -0.108724557,\
_     0.316128880,    0.105135284,    0.942874014,\
_     0.000000000,    0.000000000, -120.346641541,\
_   121.079902649,   97.372764587,   37.063362122,\
_    94.882209778,  145.811080933,   20.000000000 )
_ set_view (\
_     0.948694050,   -0.028416302,   -0.314912558,\
_    -0.006315350,    0.994049847,   -0.108724557,\
_     0.316128701,    0.105135284,    0.942874014,\
_     0.000000000,    0.000000000, -324.636688232,\
_   137.548156738,  110.860862732,   53.738750458,\
_   243.257308960,  406.016143799,   20.000000000 )
_ set_view (\
_     0.948694050,   -0.028416302,   -0.314912558,\
_    -0.006315350,    0.994049847,   -0.108724557,\
_     0.316128701,    0.105135284,    0.942874014,\
_     0.000000000,    0.000000000, -324.636688232,\
_   137.548156738,  110.860862732,   53.738750458,\
_   243.257308960,  406.016143799,   20.000000000 )
mplay
mstop
mplay
mstop
@mk_movie1.pml
_ set_view (\
_     0.948694050,   -0.028416302,   -0.314912558,\
_    -0.006315350,    0.994049847,   -0.108724557,\
_     0.316128701,    0.105135284,    0.942874014,\
_     0.000000000,    0.000000000, -120.346641541,\
_   121.079902649,   97.372764587,   37.063362122,\
_    94.882209778,  145.811080933,   20.000000000 )
_ set_view (\
_    -0.948694050,   -0.028416302,    0.314912647,\
_     0.006315359,    0.994049847,    0.108724557,\
_    -0.316128790,    0.105135284,   -0.942874014,\
_     0.000000000,    0.000000000, -120.346641541,\
_   121.079902649,   97.372764587,   37.063362122,\
_    94.882209778,  145.811080933,   20.000000000 )
_ set_view (\
_     0.948694050,   -0.028416302,   -0.314912736,\
_    -0.006315369,    0.994049847,   -0.108724557,\
_     0.316128880,    0.105135284,    0.942874014,\
_     0.000000000,    0.000000000, -120.346641541,\
_   121.079902649,   97.372764587,   37.063362122,\
_    94.882209778,  145.811080933,   20.000000000 )
_ set_view (\
_     0.948694050,   -0.028416302,   -0.314912558,\
_    -0.006315350,    0.994049847,   -0.108724557,\
_     0.316128701,    0.105135284,    0.942874014,\
_     0.000000000,    0.000000000, -324.636688232,\
_   137.548156738,  110.860862732,   53.738750458,\
_   243.257308960,  406.016143799,   20.000000000 )
mplay
mstop
@mk_movie1.pml
_ set_view (\
_     0.948694050,   -0.028416302,   -0.314912558,\
_    -0.006315350,    0.994049847,   -0.108724557,\
_     0.316128701,    0.105135284,    0.942874014,\
_     0.000000000,    0.000000000, -120.346641541,\
_   121.079902649,   97.372764587,   37.063362122,\
_    94.882209778,  145.811080933,   20.000000000 )
_ set_view (\
_    -0.948694050,   -0.028416302,    0.314912647,\
_     0.006315359,    0.994049847,    0.108724557,\
_    -0.316128790,    0.105135284,   -0.942874014,\
_     0.000000000,    0.000000000, -120.346641541,\
_   121.079902649,   97.372764587,   37.063362122,\
_    94.882209778,  145.811080933,   20.000000000 )
_ set_view (\
_     0.948694050,   -0.028416302,   -0.314912736,\
_    -0.006315369,    0.994049847,   -0.108724557,\
_     0.316128880,    0.105135284,    0.942874014,\
_     0.000000000,    0.000000000, -120.346641541,\
_   121.079902649,   97.372764587,   37.063362122,\
_    94.882209778,  145.811080933,   20.000000000 )
_ set_view (\
_     0.948694050,   -0.028416302,   -0.314912558,\
_    -0.006315350,    0.994049847,   -0.108724557,\
_     0.316128701,    0.105135284,    0.942874014,\
_     0.000000000,    0.000000000, -324.636688232,\
_   137.548156738,  110.860862732,   53.738750458,\
_   243.257308960,  406.016143799,   20.000000000 )
_ set_view (\
_     0.948694050,   -0.028416302,   -0.314912558,\
_    -0.006315350,    0.994049847,   -0.108724557,\
_     0.316128701,    0.105135284,    0.942874014,\
_     0.000000000,    0.000000000, -320.838714600,\
_   137.241989136,  110.610107422,   53.428737640,\
_   240.498855591,  401.178649902,   19.999998093 )
mplay
mstop
color grey, uc
cmd.mplay()
cmd.mstop()
@mk_movie1.pml
_ set_view (\
_     0.948694050,   -0.028416302,   -0.314912558,\
_    -0.006315350,    0.994049847,   -0.108724557,\
_     0.316128701,    0.105135284,    0.942874014,\
_     0.000000000,    0.000000000, -120.346641541,\
_   121.079902649,   97.372764587,   37.063362122,\
_    94.882209778,  145.811080933,   20.000000000 )
_ set_view (\
_    -0.948694050,   -0.028416302,    0.314912647,\
_     0.006315359,    0.994049847,    0.108724557,\
_    -0.316128790,    0.105135284,   -0.942874014,\
_     0.000000000,    0.000000000, -120.346641541,\
_   121.079902649,   97.372764587,   37.063362122,\
_    94.882209778,  145.811080933,   20.000000000 )
_ set_view (\
_     0.948694050,   -0.028416302,   -0.314912736,\
_    -0.006315369,    0.994049847,   -0.108724557,\
_     0.316128880,    0.105135284,    0.942874014,\
_     0.000000000,    0.000000000, -120.346641541,\
_   121.079902649,   97.372764587,   37.063362122,\
_    94.882209778,  145.811080933,   20.000000000 )
_ set_view (\
_     0.948694050,   -0.028416302,   -0.314912558,\
_    -0.006315350,    0.994049847,   -0.108724557,\
_     0.316128701,    0.105135284,    0.942874014,\
_     0.000000000,    0.000000000, -324.636688232,\
_   137.548156738,  110.860862732,   53.738750458,\
_   243.257308960,  406.016143799,   20.000000000 )
_ set_view (\
_     0.948694050,   -0.028416302,   -0.314912558,\
_    -0.006315350,    0.994049847,   -0.108724557,\
_     0.316128701,    0.105135284,    0.942874014,\
_     0.000000000,    0.000000000, -324.636688232,\
_   137.548156738,  110.860862732,   53.738750458,\
_   243.257308960,  406.016143799,   20.000000000 )
_ set_view (\
_     0.948694050,   -0.028416302,   -0.314912558,\
_    -0.006315350,    0.994049847,   -0.108724557,\
_     0.316128701,    0.105135284,    0.942874014,\
_     0.000000000,    0.000000000, -324.636688232,\
_   137.548156738,  110.860862732,   53.738750458,\
_   243.257308960,  406.016143799,   20.000000000 )
mplay
mstop
set_view (\
     0.948694050,   -0.028416302,   -0.314912558,\
    -0.006315350,    0.994049847,   -0.108724557,\
     0.316128701,    0.105135284,    0.942874014,\
     0.000000000,    0.000000000, -324.636688232,\
   137.548156738,  110.860862732,   53.738750458,\
   243.257308960,  406.016143799,   20.000000000 )
show cartoon, sc
color blue, sc
color grey, uc
cmd.select('sele','none')
cmd.select('sele',"byresi((((sele) or byresi((sup`3233))) and not ((byresi((sup`3233))) and byresi(sele))))",enable=1)
hide all
select uc, resi 374-502
select sc, resi 235-373,503-1892
select sc, resi 235-373|503-1892
select sc, resi 235-373| resi 503-1892
show cartoon, uc
show cartoon, sc
color red, sc
@mk_movie1.pml
_ set_view (\
_     0.948694050,   -0.028416302,   -0.314912558,\
_    -0.006315350,    0.994049847,   -0.108724557,\
_     0.316128701,    0.105135284,    0.942874014,\
_     0.000000000,    0.000000000, -118.760421753,\
_   110.280014038,   93.916038513,   69.360664368,\
_    93.631622314,  143.889221191,   20.000000000 )
_ set_view (\
_    -0.948694050,   -0.028416302,    0.314912647,\
_     0.006315359,    0.994049847,    0.108724557,\
_    -0.316128790,    0.105135284,   -0.942874014,\
_     0.000000000,    0.000000000, -118.760421753,\
_   110.280014038,   93.916038513,   69.360664368,\
_    93.631622314,  143.889221191,   20.000000000 )
_ set_view (\
_     0.948694050,   -0.028416302,   -0.314912736,\
_    -0.006315369,    0.994049847,   -0.108724557,\
_     0.316128880,    0.105135284,    0.942874014,\
_     0.000000000,    0.000000000, -118.760421753,\
_   110.280014038,   93.916038513,   69.360664368,\
_    93.631622314,  143.889221191,   20.000000000 )
_ set_view (\
_     0.948694050,   -0.028416302,   -0.314912558,\
_    -0.006315350,    0.994049847,   -0.108724557,\
_     0.316128701,    0.105135284,    0.942874014,\
_     0.000000000,    0.000000000, -324.636688232,\
_   137.548156738,  110.860862732,   53.738750458,\
_   243.257308960,  406.016143799,   20.000000000 )
_ set_view (\
_     0.948694050,   -0.028416302,   -0.314912558,\
_    -0.006315350,    0.994049847,   -0.108724557,\
_     0.316128701,    0.105135284,    0.942874014,\
_     0.000000000,    0.000000000, -324.636688232,\
_   137.548156738,  110.860862732,   53.738750458,\
_   243.257308960,  406.016143799,   20.000000000 )
_ set_view (\
_     0.948694050,   -0.028416302,   -0.314912558,\
_    -0.006315350,    0.994049847,   -0.108724557,\
_     0.316128701,    0.105135284,    0.942874014,\
_     0.000000000,    0.000000000, -324.636688232,\
_   137.548156738,  110.860862732,   53.738750458,\
_   243.257308960,  406.016143799,   20.000000000 )
mplay
cmd.mstop()
@mk_movie3.pml
_ set_view (\
_     0.948694050,   -0.028416302,   -0.314912558,\
_    -0.006315350,    0.994049847,   -0.108724557,\
_     0.316128701,    0.105135284,    0.942874014,\
_     0.000000000,    0.000000000, -384.604553223,\
_   137.548156738,  110.860862732,   53.738750458,\
_   303.225158691,  465.983947754,   20.000000000 )
_ set_view (\
_     0.948694050,   -0.028416302,   -0.314912558,\
_    -0.006315350,    0.994049847,   -0.108724557,\
_     0.316128701,    0.105135284,    0.942874014,\
_     0.000000000,    0.000000000, -324.636688232,\
_   137.548156738,  110.860862732,   53.738750458,\
_   243.257308960,  406.016143799,   20.000000000 )
@mk_movie3.pml
_ set_view (\
_     0.948694050,   -0.028416302,   -0.314912558,\
_    -0.006315350,    0.994049847,   -0.108724557,\
_     0.316128701,    0.105135284,    0.942874014,\
_     0.000000000,    0.000000000, -384.604553223,\
_   137.548156738,  110.860862732,   53.738750458,\
_   303.225158691,  465.983947754,   20.000000000 )
_ set_view (\
_     0.948694050,   -0.028416302,   -0.314912558,\
_    -0.006315350,    0.994049847,   -0.108724557,\
_     0.316128701,    0.105135284,    0.942874014,\
_     0.000000000,    0.000000000, -324.636688232,\
_   137.548156738,  110.860862732,   53.738750458,\
_   243.257308960,  406.016143799,   20.000000000 )
rewind
mplay
cmd.mstop()
@mk_movie3.pml
_ set_view (\
_     0.942562938,   -0.028410062,   -0.332818180,\
_    -0.008398576,    0.994045794,   -0.108639166,\
_     0.333922952,    0.105194457,    0.936712146,\
_     0.000000000,    0.000000000, -384.604553223,\
_   137.548156738,  110.860862732,   53.738750458,\
_   303.225158691,  465.983947754,   20.000000000 )
_ set_view (\
_     0.948694050,   -0.028416302,   -0.314912558,\
_    -0.006315350,    0.994049847,   -0.108724557,\
_     0.316128701,    0.105135284,    0.942874014,\
_     0.000000000,    0.000000000, -324.636688232,\
_   137.548156738,  110.860862732,   53.738750458,\
_   243.257308960,  406.016143799,   20.000000000 )
mplay
cmd.mstop()
@mk_movie3.pml
_ set_view (\
_     0.948694050,   -0.028416302,   -0.314912558,\
_    -0.006315350,    0.994049847,   -0.108724557,\
_     0.316128701,    0.105135284,    0.942874014,\
_    -0.000278965,   -0.000342071, -324.629821777,\
_   117.531166077,   90.844345093,   44.752410889,\
_   243.257308960,  406.016143799,   20.000000000 )
_ set_view (\
_     0.948694050,   -0.028416302,   -0.314912558,\
_    -0.006315350,    0.994049847,   -0.108724557,\
_     0.316128701,    0.105135284,    0.942874014,\
_     0.000000000,    0.000000000, -324.636688232,\
_   137.548156738,  110.860862732,   53.738750458,\
_   243.257308960,  406.016143799,   20.000000000 )
mplay
cmd.mstop()
@mk_movie3.pml
_ set_view (\
_     0.948694050,   -0.028416302,   -0.314912558,\
_    -0.006315350,    0.994049847,   -0.108724557,\
_     0.316128701,    0.105135284,    0.942874014,\
_     0.000000000,    0.000000000, -118.760421753,\
_   110.280014038,   93.916038513,   69.360664368,\
_    93.631622314,  143.889221191,   20.000000000 )
_ set_view (\
_     0.948694050,   -0.028416302,   -0.314912558,\
_    -0.006315350,    0.994049847,   -0.108724557,\
_     0.316128701,    0.105135284,    0.942874014,\
_     0.000000000,    0.000000000, -324.636688232,\
_   137.548156738,  110.860862732,   53.738750458,\
_   243.257308960,  406.016143799,   20.000000000 )
mplay
cmd.mstop()
set_view (\
     0.948694050,   -0.028416302,   -0.314912558,\
    -0.006315350,    0.994049847,   -0.108724557,\
     0.316128701,    0.105135284,    0.942874014,\
    -0.000278965,   -0.000342071, -324.629821777,\
   117.531166077,   90.844345093,   44.752410889,\
   243.257308960,  406.016143799,   20.000000000 )
zoom uc, -5
cmd.select('sele','none')
cmd.select('sele',"byresi((((sele) or byresi((sup`3345))) and not ((byresi((sup`3345))) and byresi(sele))))",enable=1)
@mk_movie3.pml
_ set_view (\
_     0.948694050,   -0.028416302,   -0.314912558,\
_    -0.006315350,    0.994049847,   -0.108724557,\
_     0.316128701,    0.105135284,    0.942874014,\
_     0.000000000,    0.000000000, -384.604553223,\
_   137.548156738,  110.860862732,   53.738750458,\
_   303.225158691,  465.983947754,   20.000000000 )
_ set_view (\
_     0.948694050,   -0.028416302,   -0.314912558,\
_    -0.006315350,    0.994049847,   -0.108724557,\
_     0.316128701,    0.105135284,    0.942874014,\
_     0.000000000,    0.000000000, -324.636688232,\
_   137.548156738,  110.860862732,   53.738750458,\
_   243.257308960,  406.016143799,   20.000000000 )
@mk_movie3.pml
_ set_view (\
_     0.948694050,   -0.028416302,   -0.314912558,\
_    -0.006315350,    0.994049847,   -0.108724557,\
_     0.316128701,    0.105135284,    0.942874014,\
_     0.000000000,    0.000000000, -384.604553223,\
_   137.548156738,  110.860862732,   53.738750458,\
_   303.225158691,  465.983947754,   20.000000000 )
_ set_view (\
_     0.948694050,   -0.028416302,   -0.314912558,\
_    -0.006315350,    0.994049847,   -0.108724557,\
_     0.316128701,    0.105135284,    0.942874014,\
_     0.000000000,    0.000000000, -324.636688232,\
_   137.548156738,  110.860862732,   53.738750458,\
_   243.257308960,  406.016143799,   20.000000000 )
mplay
cmd.mstop()
@mk_movie3.pml
_ set_view (\
_     0.948694050,   -0.028416302,   -0.314912558,\
_    -0.006315350,    0.994049847,   -0.108724557,\
_     0.316128701,    0.105135284,    0.942874014,\
_     0.000000000,    0.000000000, -384.604553223,\
_   137.548156738,  110.860862732,   53.738750458,\
_   303.225158691,  465.983947754,   20.000000000 )
_ set_view (\
_     0.948694050,   -0.028416302,   -0.314912558,\
_    -0.006315350,    0.994049847,   -0.108724557,\
_     0.316128701,    0.105135284,    0.942874014,\
_     0.000000000,    0.000000000, -384.604553223,\
_   137.548156738,  110.860862732,   53.738750458,\
_   303.225158691,  465.983947754,   20.000000000 )
mplay
cmd.mstop()
@mk_movie3.pml
_ set_view (\
_     0.948694050,   -0.028416302,   -0.314912558,\
_    -0.006315350,    0.994049847,   -0.108724557,\
_     0.316128701,    0.105135284,    0.942874014,\
_     0.000000000,    0.000000000, -384.604553223,\
_   137.548156738,  110.860862732,   53.738750458,\
_   303.225158691,  465.983947754,   20.000000000 )
_ set_view (\
_     0.948694050,   -0.028416302,   -0.314912558,\
_    -0.006315350,    0.994049847,   -0.108724557,\
_     0.316128701,    0.105135284,    0.942874014,\
_     0.000000000,    0.000000000, -384.604553223,\
_   137.548156738,  110.860862732,   53.738750458,\
_   303.225158691,  465.983947754,   20.000000000 )
mplay
mstop
@mk_movie3.pml
_ set_view (\
_     0.948694050,   -0.028416302,   -0.314912558,\
_    -0.006315350,    0.994049847,   -0.108724557,\
_     0.316128701,    0.105135284,    0.942874014,\
_     0.000000000,    0.000000000, -384.604553223,\
_   137.548156738,  110.860862732,   53.738750458,\
_   303.225158691,  465.983947754,   20.000000000 )
_ set_view (\
_     0.948694050,   -0.028416302,   -0.314912558,\
_    -0.006315350,    0.994049847,   -0.108724557,\
_     0.316128701,    0.105135284,    0.942874014,\
_     0.000000000,    0.000000000, -384.604553223,\
_   137.548156738,  110.860862732,   53.738750458,\
_   303.225158691,  465.983947754,   20.000000000 )
mplay
mstop
@mk_movie3.pml
_ set_view (\
_     0.948694050,   -0.028416302,   -0.314912558,\
_    -0.006315350,    0.994049847,   -0.108724557,\
_     0.316128701,    0.105135284,    0.942874014,\
_     0.000000000,    0.000000000, -384.604553223,\
_   137.548156738,  110.860862732,   53.738750458,\
_   303.225158691,  465.983947754,   20.000000000 )
_ set_view (\
_     0.948694050,   -0.028416302,   -0.314912558,\
_    -0.006315350,    0.994049847,   -0.108724557,\
_     0.316128701,    0.105135284,    0.942874014,\
_     0.000000000,    0.000000000, -384.604553223,\
_   137.548156738,  110.860862732,   53.738750458,\
_   303.225158691,  465.983947754,   20.000000000 )
mplay
mstop
@mk_movie3.pml
_ set_view (\
_     0.948694050,   -0.028416302,   -0.314912558,\
_    -0.006315350,    0.994049847,   -0.108724557,\
_     0.316128701,    0.105135284,    0.942874014,\
_     0.000000000,    0.000000000, -384.604553223,\
_   137.548156738,  110.860862732,   53.738750458,\
_   303.225158691,  465.983947754,   20.000000000 )
_ set_view (\
_     0.948694050,   -0.028416302,   -0.314912558,\
_    -0.006315350,    0.994049847,   -0.108724557,\
_     0.316128701,    0.105135284,    0.942874014,\
_     0.000000000,    0.000000000, -384.604553223,\
_   137.548156738,  110.860862732,   53.738750458,\
_   303.225158691,  465.983947754,   20.000000000 )
_ set_view (\
_     0.948694050,   -0.028416302,   -0.314912558,\
_    -0.006315350,    0.994049847,   -0.108724557,\
_     0.316128701,    0.105135284,    0.942874014,\
_     0.000000000,    0.000000000, -384.604553223,\
_   137.548156738,  110.860862732,   53.738750458,\
_   303.225158691,  465.983947754,   20.000000000 )
mplay
mstop
@mk_movie3.pml
_ set_view (\
_     0.948694050,   -0.028416302,   -0.314912558,\
_    -0.006315350,    0.994049847,   -0.108724557,\
_     0.316128701,    0.105135284,    0.942874014,\
_     0.000000000,    0.000000000, -384.604553223,\
_   137.548156738,  110.860862732,   53.738750458,\
_   303.225158691,  465.983947754,   20.000000000 )
_ set_view (\
_     0.948694050,   -0.028416302,   -0.314912558,\
_    -0.006315350,    0.994049847,   -0.108724557,\
_     0.316128701,    0.105135284,    0.942874014,\
_     0.000000000,    0.000000000, -384.604553223,\
_   137.548156738,  110.860862732,   53.738750458,\
_   303.225158691,  465.983947754,   20.000000000 )
_ set_view (\
_     0.948694050,   -0.028416302,   -0.314912558,\
_    -0.006315350,    0.994049847,   -0.108724557,\
_     0.316128701,    0.105135284,    0.942874014,\
_     0.000000000,    0.000000000, -384.604553223,\
_   137.548156738,  110.860862732,   53.738750458,\
_   303.225158691,  465.983947754,   20.000000000 )
mplay
cmd.mstop()
@mk_movie3.pml
_ set_view (\
_     0.948694050,   -0.182065621,   -0.258514345,\
_    -0.006315388,    0.806510150,   -0.591183126,\
_     0.316128999,    0.562486768,    0.763985217,\
_     0.000000000,    0.000000000, -384.604553223,\
_   137.548156738,  110.860862732,   53.738750458,\
_   303.225158691,  465.983947754,   20.000000000 )
_ set_view (\
_     0.948694050,   -0.182065621,   -0.258514345,\
_    -0.006315388,    0.806510150,   -0.591183126,\
_     0.316128999,    0.562486768,    0.763985217,\
_     0.000000000,    0.000000000, -384.604553223,\
_   137.548156738,  110.860862732,   53.738750458,\
_   303.225158691,  465.983947754,   20.000000000 )
_ set_view (\
_     0.948694050,   -0.182065621,   -0.258514345,\
_    -0.006315388,    0.806510150,   -0.591183126,\
_     0.316128999,    0.562486768,    0.763985217,\
_     0.000000000,    0.000000000, -384.604553223,\
_   137.548156738,  110.860862732,   53.738750458,\
_   303.225158691,  465.983947754,   20.000000000 )
@mk_movie3.pml
_ set_view (\
_     0.969220638,   -0.028416274,   -0.244544044,\
_     0.001669025,    0.994049788,   -0.108895361,\
_     0.246183410,    0.105135635,    0.963505268,\
_     0.000000000,    0.000000000, -384.604553223,\
_   137.548156738,  110.860862732,   53.738750458,\
_   303.225158691,  465.983947754,   20.000000000 )
_ set_view (\
_     0.969220638,   -0.028416274,   -0.244544044,\
_     0.001669025,    0.994049788,   -0.108895361,\
_     0.246183410,    0.105135635,    0.963505268,\
_     0.000000000,    0.000000000, -384.604553223,\
_   137.548156738,  110.860862732,   53.738750458,\
_   303.225158691,  465.983947754,   20.000000000 )
_ set_view (\
_     0.969220638,   -0.028416274,   -0.244544044,\
_     0.001669025,    0.994049788,   -0.108895361,\
_     0.246183410,    0.105135635,    0.963505268,\
_     0.000000000,    0.000000000, -384.604553223,\
_   137.548156738,  110.860862732,   53.738750458,\
_   303.225158691,  465.983947754,   20.000000000 )
@mk_movie3.pml
_ set_view (\
_     0.706174314,   -0.028416216,    0.707466006,\
_     0.094403580,    0.994049847,   -0.054303765,\
_    -0.701717079,    0.105135411,    0.704657257,\
_     0.000000000,    0.000000000, -384.604522705,\
_   137.548156738,  110.860862732,   53.738750458,\
_   303.225128174,  465.983917236,   20.000001907 )
_ set_view (\
_     0.706174314,   -0.028416216,    0.707466006,\
_     0.094403580,    0.994049847,   -0.054303765,\
_    -0.701717079,    0.105135411,    0.704657257,\
_     0.000000000,    0.000000000, -384.604522705,\
_   137.548156738,  110.860862732,   53.738750458,\
_   303.225128174,  465.983917236,   20.000001907 )
_ set_view (\
_     0.706174314,   -0.028416216,    0.707466006,\
_     0.094403580,    0.994049847,   -0.054303765,\
_    -0.701717079,    0.105135411,    0.704657257,\
_     0.000000000,    0.000000000, -384.604522705,\
_   137.548156738,  110.860862732,   53.738750458,\
_   303.225128174,  465.983917236,   20.000001907 )
@mk_movie3.pml
_ set_view (\
_     0.103333943,   -0.054039132,    0.993176579,\
_     0.087554820,    0.995139599,    0.045036733,\
_    -0.990786672,    0.082303785,    0.107562423,\
_     0.000000000,    0.000000000, -384.604553223,\
_   137.548156738,  110.860862732,   53.738750458,\
_   303.225158691,  465.983947754,   20.000000000 )
_ set_view (\
_     0.103333943,   -0.054039132,    0.993176579,\
_     0.087554820,    0.995139599,    0.045036733,\
_    -0.990786672,    0.082303785,    0.107562423,\
_     0.000000000,    0.000000000, -384.604553223,\
_   137.548156738,  110.860862732,   53.738750458,\
_   303.225158691,  465.983947754,   20.000000000 )
_ set_view (\
_     0.103333943,   -0.054039132,    0.993176579,\
_     0.087554820,    0.995139599,    0.045036733,\
_    -0.990786672,    0.082303785,    0.107562423,\
_     0.000000000,    0.000000000, -384.604553223,\
_   137.548156738,  110.860862732,   53.738750458,\
_   303.225158691,  465.983947754,   20.000000000 )
@mk_movie3.pml
_ set_view (\
_     0.898283720,    0.154176503,   -0.411477387,\
_    -0.243499294,    0.954151273,   -0.174065396,\
_     0.365775853,    0.256555527,    0.894645393,\
_     0.000000000,    0.000000000, -982.834350586,\
_   137.548187256,  110.861145020,   53.736282349,\
_   774.874084473, 1190.794555664,   19.999998093 )
_ set_view (\
_     0.898283720,    0.154176503,   -0.411477387,\
_    -0.243499294,    0.954151273,   -0.174065396,\
_     0.365775853,    0.256555527,    0.894645393,\
_     0.000000000,    0.000000000, -982.834350586,\
_   137.548187256,  110.861145020,   53.736282349,\
_   774.874084473, 1190.794555664,   19.999998093 )
_ set_view (\
_     0.898283720,    0.154176503,   -0.411477387,\
_    -0.243499294,    0.954151273,   -0.174065396,\
_     0.365775853,    0.256555527,    0.894645393,\
_     0.000000000,    0.000000000, -982.834350586,\
_   137.548187256,  110.861145020,   53.736282349,\
_   774.874084473, 1190.794555664,   19.999998093 )
_ set_view (\
_     0.898283720,    0.154176503,   -0.411477387,\
_    -0.243499294,    0.954151273,   -0.174065396,\
_     0.365775853,    0.256555527,    0.894645393,\
_     0.000000000,    0.000000000, -982.834350586,\
_   137.548187256,  110.861145020,   53.736282349,\
_   774.874084473, 1190.794555664,   19.999998093 )
rewind
mplay
stop
mstop
@mk_movie3.pml
_ set_view (\
_     0.948693871,    0.259290040,   -0.180959359,\
_    -0.006315430,    0.587731481,    0.809028924,\
_     0.316129088,   -0.766381681,    0.559217095,\
_     0.000000000,    0.000000000, -384.604553223,\
_   137.548156738,  110.860862732,   53.738750458,\
_   303.225158691,  465.983947754,   20.000000000 )
_ set_view (\
_     0.948693871,    0.259290040,   -0.180959359,\
_    -0.006315430,    0.587731481,    0.809028924,\
_     0.316129088,   -0.766381681,    0.559217095,\
_     0.000000000,    0.000000000, -384.604553223,\
_   137.548156738,  110.860862732,   53.738750458,\
_   303.225158691,  465.983947754,   20.000000000 )
_ set_view (\
_     0.948693871,    0.259290040,   -0.180959359,\
_    -0.006315430,    0.587731481,    0.809028924,\
_     0.316129088,   -0.766381681,    0.559217095,\
_     0.000000000,    0.000000000, -384.604553223,\
_   137.548156738,  110.860862732,   53.738750458,\
_   303.225158691,  465.983947754,   20.000000000 )
mview smooth
rau
ray
set antialias=1
set line_smooth = 1.00000
set depth_cue = 1
set specular = 1.00000
set surface_quality = 1.00000
set stick_quality = 25.00000
set sphere_quality = 2.00000
set cartoon_sampling = 14.00000
set ribbon_sampling = 10.00000
set ray_trace_fog = 1
rebuild
ray
@mk_movie3.pml
_ set_view (\
_     0.986964047,   -0.110476367,   -0.117012218,\
_     0.096203595,    0.987938941,   -0.121311538,\
_     0.129002377,    0.108473100,    0.985694349,\
_     0.000000000,    0.000000000, -384.604553223,\
_   137.548156738,  110.860862732,   53.738750458,\
_   303.225158691,  465.983947754,   20.000000000 )
_ set_view (\
_     0.986964047,   -0.110476367,   -0.117012218,\
_     0.096203595,    0.987938941,   -0.121311538,\
_     0.129002377,    0.108473100,    0.985694349,\
_     0.000000000,    0.000000000, -384.604553223,\
_   137.548156738,  110.860862732,   53.738750458,\
_   303.225158691,  465.983947754,   20.000000000 )
_ set_view (\
_     0.986964047,   -0.110476367,   -0.117012218,\
_     0.096203595,    0.987938941,   -0.121311538,\
_     0.129002377,    0.108473100,    0.985694349,\
_     0.000000000,    0.000000000, -384.604553223,\
_   137.548156738,  110.860862732,   53.738750458,\
_   303.225158691,  465.983947754,   20.000000000 )
mplay
mstop
@mk_movie3.pml
_ set_view (\
_     0.950061321,   -0.028479842,   -0.310761005,\
_    -0.005792739,    0.994045734,   -0.108809426,\
_     0.312009513,    0.105175778,    0.944239438,\
_     0.000000000,    0.000000000, -384.604614258,\
_   137.548156738,  110.860862732,   53.738750458,\
_   303.225219727,  465.984008789,   19.999998093 )
_ set_view (\
_     0.950061321,   -0.028479842,   -0.310761005,\
_    -0.005792739,    0.994045734,   -0.108809426,\
_     0.312009513,    0.105175778,    0.944239438,\
_     0.000000000,    0.000000000, -384.604614258,\
_   137.548156738,  110.860862732,   53.738750458,\
_   303.225219727,  465.984008789,   19.999998093 )
_ set_view (\
_     0.950061321,   -0.028479842,   -0.310761005,\
_    -0.005792739,    0.994045734,   -0.108809426,\
_     0.312009513,    0.105175778,    0.944239438,\
_     0.000000000,    0.000000000, -384.604614258,\
_   137.548156738,  110.860862732,   53.738750458,\
_   303.225219727,  465.984008789,   19.999998093 )
@mk_movie3.pml
_ set_view (\
_     0.948695302,   -0.028481770,   -0.314906448,\
_    -0.006315390,    0.994029224,   -0.108931057,\
_     0.316128761,    0.105331138,    0.942851007,\
_     0.000000000,    0.000000000, -384.604553223,\
_   137.548156738,  110.860862732,   53.738750458,\
_   303.225158691,  465.983947754,   20.000000000 )
_ set_view (\
_     0.948695302,   -0.028481770,   -0.314906448,\
_    -0.006315390,    0.994029224,   -0.108931057,\
_     0.316128761,    0.105331138,    0.942851007,\
_     0.000000000,    0.000000000, -384.604553223,\
_   137.548156738,  110.860862732,   53.738750458,\
_   303.225158691,  465.983947754,   20.000000000 )
_ set_view (\
_     0.948695302,   -0.028481770,   -0.314906448,\
_    -0.006315390,    0.994029224,   -0.108931057,\
_     0.316128761,    0.105331138,    0.942851007,\
_     0.000000000,    0.000000000, -384.604553223,\
_   137.548156738,  110.860862732,   53.738750458,\
_   303.225158691,  465.983947754,   20.000000000 )
@mk_movie3.pml
_ set_view (\
_     0.948694050,   -0.028416302,   -0.314912558,\
_    -0.006315350,    0.994049847,   -0.108724557,\
_     0.316128701,    0.105135284,    0.942874014,\
_     0.000000000,    0.000000000, -384.604614258,\
_   137.548156738,  110.860862732,   53.738750458,\
_   303.225219727,  465.984008789,   19.999998093 )
_ set_view (\
_     0.948694050,   -0.028416302,   -0.314912558,\
_    -0.006315350,    0.994049847,   -0.108724557,\
_     0.316128701,    0.105135284,    0.942874014,\
_     0.000000000,    0.000000000, -384.604614258,\
_   137.548156738,  110.860862732,   53.738750458,\
_   303.225219727,  465.984008789,   19.999998093 )
_ set_view (\
_     0.948694050,   -0.028416302,   -0.314912558,\
_    -0.006315350,    0.994049847,   -0.108724557,\
_     0.316128701,    0.105135284,    0.942874014,\
_     0.000000000,    0.000000000, -384.604614258,\
_   137.548156738,  110.860862732,   53.738750458,\
_   303.225219727,  465.984008789,   19.999998093 )
mplay
mstop
set ray_trace_frames=0
@mk_movie3.pml
_ set_view (\
_     0.842974007,   -0.028416255,   -0.537201226,\
_    -0.032693412,    0.994049847,   -0.103884801,\
_     0.536958218,    0.105135292,    0.837033212,\
_     0.000000000,    0.000000000, -384.604553223,\
_   137.548156738,  110.860862732,   53.738750458,\
_   303.225158691,  465.983947754,   20.000000000 )
_ set_view (\
_     0.842974007,   -0.028416255,   -0.537201226,\
_    -0.032693412,    0.994049847,   -0.103884801,\
_     0.536958218,    0.105135292,    0.837033212,\
_     0.000000000,    0.000000000, -384.604553223,\
_   137.548156738,  110.860862732,   53.738750458,\
_   303.225158691,  465.983947754,   20.000000000 )
_ set_view (\
_     0.842974007,   -0.028416255,   -0.537201226,\
_    -0.032693412,    0.994049847,   -0.103884801,\
_     0.536958218,    0.105135292,    0.837033212,\
_     0.000000000,    0.000000000, -384.604553223,\
_   137.548156738,  110.860862732,   53.738750458,\
_   303.225158691,  465.983947754,   20.000000000 )
@mk_movie3.pml
_ set_view (\
_     0.948694050,   -0.028416302,   -0.314912558,\
_    -0.006315350,    0.994049847,   -0.108724557,\
_     0.316128701,    0.105135284,    0.942874014,\
_     0.000000000,    0.000000000, -384.604553223,\
_   137.548156738,  110.860862732,   53.738750458,\
_   303.225158691,  465.983947754,   20.000000000 )
_ set_view (\
_     0.948694050,   -0.028416302,   -0.314912558,\
_    -0.006315350,    0.994049847,   -0.108724557,\
_     0.316128701,    0.105135284,    0.942874014,\
